\begin{tabular}{ l |cccccccccccccccccccccccccccccccc}
\hline
\hline
                & HiggsDiphotonDifferentialCrossSection2016pT_yy:0_obs & HiggsDiphotonDifferentialCrossSection2016pT_yy:1_obs & HiggsDiphotonDifferentialCrossSection2016pT_yy:2_obs & HiggsDiphotonDifferentialCrossSection2016pT_yy:3_obs & HiggsDiphotonDifferentialCrossSection2016pT_yy:4_obs & HiggsDiphotonDifferentialCrossSection2016pT_yy:5_obs & HiggsDiphotonDifferentialCrossSection2016pT_yy:6_obs & HiggsDiphotonDifferentialCrossSection2016pT_yy:7_obs & HiggsDiphotonDifferentialCrossSection2016pT_yy:8_obs & HiggsDiphotonDifferentialCrossSection2016pT_yy:9_obs & HiggsDiphotonDifferentialCrossSection2016pT_yy:10_obs & HiggsDiphotonDifferentialCrossSection2016pT_yy:11_obs & HiggsDiphotonDifferentialCrossSection2016pT_yy:12_obs & HiggsDiphotonDifferentialCrossSection2016pT_yy:13_obs & HiggsDiphotonDifferentialCrossSection2016pT_yy:14_obs & HiggsDiphotonDifferentialCrossSection2016pT_yy:15_obs & HiggsDiphotonDifferentialCrossSection2016pT_yy:16_obs & HiggsDiphotonDifferentialCrossSection2016N_j_30:0_obs & HiggsDiphotonDifferentialCrossSection2016N_j_30:1_obs & HiggsDiphotonDifferentialCrossSection2016N_j_30:2_obs & HiggsDiphotonDifferentialCrossSection2016N_j_30:3_obs & HiggsDiphotonDifferentialCrossSection2016m_jj_30:0_obs & HiggsDiphotonDifferentialCrossSection2016m_jj_30:1_obs & HiggsDiphotonDifferentialCrossSection2016m_jj_30:2_obs & HiggsDiphotonDifferentialCrossSection2016Dphi_j_j_30_signed:0_obs & HiggsDiphotonDifferentialCrossSection2016Dphi_j_j_30_signed:1_obs & HiggsDiphotonDifferentialCrossSection2016Dphi_j_j_30_signed:2_obs & HiggsDiphotonDifferentialCrossSection2016Dphi_j_j_30_signed:3_obs & HiggsDiphotonDifferentialCrossSection2016pT_j1_30:0_obs & HiggsDiphotonDifferentialCrossSection2016pT_j1_30:1_obs & HiggsDiphotonDifferentialCrossSection2016pT_j1_30:2_obs & HiggsDiphotonDifferentialCrossSection2016pT_j1_30:3_obs\\
\hline
HiggsDiphotonDifferentialCrossSection2016pT_yy:0_obs &       1 &   0.112 &   0.059 &   0.089 &   0.073 &   0.064 &   0.056 &   0.044 &   0.025 &   0.013 &   0.010 &   0.011 &   0.011 &   0.012 &   0.010 &   0.011 &   0.009 &   0.253 &   0.016 &   0.049 &   0.015 &   0.041 &   0.023 &   0.024 &   0.038 &   0.034 &   0.029 &   0.017 &   0.028 &   0.015 &   0.018 &   0.029  \\
HiggsDiphotonDifferentialCrossSection2016pT_yy:1_obs &   0.112 &       1 &   0.082 &   0.130 &   0.108 &   0.101 &   0.089 &   0.075 &   0.049 &   0.033 &   0.024 &   0.025 &   0.025 &   0.026 &   0.021 &   0.022 &   0.019 &   0.346 &   0.045 &   0.070 &   0.035 &   0.061 &   0.052 &   0.013 &   0.041 &   0.046 &   0.033 &   0.063 &   0.057 &   0.051 &   0.042 &   0.023  \\
HiggsDiphotonDifferentialCrossSection2016pT_yy:2_obs &   0.059 &   0.082 &       1 &   0.077 &   0.069 &   0.062 &   0.059 &   0.053 &   0.039 &   0.031 &   0.024 &   0.024 &   0.024 &   0.025 &   0.021 &   0.022 &   0.021 &   0.193 &   0.053 &   0.056 &   0.023 &   0.045 &   0.040 &   0.015 &   0.032 &   0.034 &   0.034 &   0.041 &   0.055 &   0.037 &   0.039 &   0.033  \\
HiggsDiphotonDifferentialCrossSection2016pT_yy:3_obs &   0.089 &   0.130 &   0.077 &       1 &   0.112 &   0.108 &   0.101 &   0.093 &   0.072 &   0.059 &   0.042 &   0.040 &   0.039 &   0.039 &   0.032 &   0.034 &   0.030 &   0.317 &   0.107 &   0.098 &   0.039 &   0.077 &   0.070 &   0.028 &   0.071 &   0.054 &   0.057 &   0.063 &   0.114 &   0.077 &   0.065 &   0.044  \\
HiggsDiphotonDifferentialCrossSection2016pT_yy:4_obs &   0.073 &   0.108 &   0.069 &   0.112 &       1 &   0.097 &   0.098 &   0.095 &   0.080 &   0.070 &   0.053 &   0.048 &   0.046 &   0.046 &   0.038 &   0.041 &   0.039 &   0.294 &   0.147 &   0.117 &   0.063 &   0.097 &   0.082 &   0.060 &   0.098 &   0.057 &   0.065 &   0.090 &   0.141 &   0.107 &   0.092 &   0.075  \\
HiggsDiphotonDifferentialCrossSection2016pT_yy:5_obs &   0.064 &   0.101 &   0.062 &   0.108 &   0.097 &       1 &   0.097 &   0.099 &   0.088 &   0.077 &   0.052 &   0.046 &   0.041 &   0.038 &   0.029 &   0.030 &   0.027 &   0.243 &   0.163 &   0.108 &   0.049 &   0.094 &   0.076 &   0.023 &   0.084 &   0.053 &   0.052 &   0.087 &   0.167 &   0.098 &   0.078 &   0.054  \\
HiggsDiphotonDifferentialCrossSection2016pT_yy:6_obs &   0.056 &   0.089 &   0.059 &   0.101 &   0.098 &   0.097 &       1 &   0.112 &   0.109 &   0.102 &   0.071 &   0.060 &   0.053 &   0.049 &   0.037 &   0.040 &   0.036 &   0.221 &   0.224 &   0.122 &   0.058 &   0.100 &   0.086 &   0.046 &   0.090 &   0.059 &   0.061 &   0.102 &   0.215 &   0.137 &   0.097 &   0.066  \\
HiggsDiphotonDifferentialCrossSection2016pT_yy:7_obs &   0.044 &   0.075 &   0.053 &   0.093 &   0.095 &   0.099 &   0.112 &       1 &   0.143 &   0.143 &   0.099 &   0.080 &   0.068 &   0.060 &   0.044 &   0.046 &   0.040 &   0.195 &   0.325 &   0.150 &   0.074 &   0.126 &   0.108 &   0.052 &   0.123 &   0.079 &   0.077 &   0.112 &   0.292 &   0.202 &   0.143 &   0.090  \\
HiggsDiphotonDifferentialCrossSection2016pT_yy:8_obs &   0.025 &   0.049 &   0.039 &   0.072 &   0.080 &   0.088 &   0.109 &   0.143 &       1 &   0.187 &   0.136 &   0.113 &   0.097 &   0.087 &   0.067 &   0.070 &   0.061 &   0.139 &   0.412 &   0.182 &   0.097 &   0.155 &   0.135 &   0.067 &   0.141 &   0.097 &   0.106 &   0.142 &   0.342 &   0.290 &   0.203 &   0.122  \\
HiggsDiphotonDifferentialCrossSection2016pT_yy:9_obs &   0.013 &   0.033 &   0.031 &   0.059 &   0.070 &   0.077 &   0.102 &   0.143 &   0.187 &       1 &   0.185 &   0.166 &   0.150 &   0.145 &   0.121 &   0.129 &   0.116 &   0.096 &   0.462 &   0.251 &   0.145 &   0.215 &   0.198 &   0.093 &   0.186 &   0.171 &   0.167 &   0.173 &   0.334 &   0.381 &   0.332 &   0.217  \\
HiggsDiphotonDifferentialCrossSection2016pT_yy:10_obs &   0.010 &   0.024 &   0.024 &   0.042 &   0.053 &   0.052 &   0.071 &   0.099 &   0.136 &   0.185 &       1 &   0.170 &   0.164 &   0.171 &   0.151 &   0.164 &   0.150 &   0.073 &   0.320 &   0.265 &   0.176 &   0.237 &   0.217 &   0.100 &   0.179 &   0.213 &   0.210 &   0.174 &   0.206 &   0.292 &   0.378 &   0.258  \\
HiggsDiphotonDifferentialCrossSection2016pT_yy:11_obs &   0.011 &   0.025 &   0.024 &   0.040 &   0.048 &   0.046 &   0.060 &   0.080 &   0.113 &   0.166 &   0.170 &       1 &   0.201 &   0.230 &   0.209 &   0.226 &   0.208 &   0.067 &   0.248 &   0.299 &   0.201 &   0.269 &   0.242 &   0.111 &   0.184 &   0.250 &   0.270 &   0.182 &   0.160 &   0.243 &   0.362 &   0.339  \\
HiggsDiphotonDifferentialCrossSection2016pT_yy:12_obs &   0.011 &   0.025 &   0.024 &   0.039 &   0.046 &   0.041 &   0.053 &   0.068 &   0.097 &   0.150 &   0.164 &   0.201 &       1 &   0.278 &   0.256 &   0.276 &   0.254 &   0.075 &   0.204 &   0.309 &   0.214 &   0.269 &   0.272 &   0.114 &   0.188 &   0.279 &   0.273 &   0.187 &   0.130 &   0.201 &   0.324 &   0.426  \\
HiggsDiphotonDifferentialCrossSection2016pT_yy:13_obs &   0.012 &   0.026 &   0.025 &   0.039 &   0.046 &   0.038 &   0.049 &   0.060 &   0.087 &   0.145 &   0.171 &   0.230 &   0.278 &       1 &   0.330 &   0.353 &   0.326 &   0.075 &   0.186 &   0.340 &   0.241 &   0.303 &   0.289 &   0.135 &   0.185 &   0.333 &   0.323 &   0.196 &   0.113 &   0.197 &   0.327 &   0.508  \\
HiggsDiphotonDifferentialCrossSection2016pT_yy:14_obs &   0.010 &   0.021 &   0.021 &   0.032 &   0.038 &   0.029 &   0.037 &   0.044 &   0.067 &   0.121 &   0.151 &   0.209 &   0.256 &   0.330 &       1 &   0.340 &   0.322 &   0.070 &   0.132 &   0.293 &   0.226 &   0.261 &   0.261 &   0.131 &   0.168 &   0.296 &   0.285 &   0.168 &   0.080 &   0.154 &   0.258 &   0.470  \\
HiggsDiphotonDifferentialCrossSection2016pT_yy:15_obs &   0.011 &   0.022 &   0.022 &   0.034 &   0.041 &   0.030 &   0.040 &   0.046 &   0.070 &   0.129 &   0.164 &   0.226 &   0.276 &   0.353 &   0.340 &       1 &   0.381 &   0.071 &   0.129 &   0.333 &   0.245 &   0.308 &   0.273 &   0.140 &   0.188 &   0.334 &   0.325 &   0.181 &   0.082 &   0.166 &   0.285 &   0.496  \\
HiggsDiphotonDifferentialCrossSection2016pT_yy:16_obs &   0.009 &   0.019 &   0.021 &   0.030 &   0.039 &   0.027 &   0.036 &   0.040 &   0.061 &   0.116 &   0.150 &   0.208 &   0.254 &   0.326 &   0.322 &   0.381 &       1 &   0.067 &   0.109 &   0.320 &   0.234 &   0.289 &   0.272 &   0.132 &   0.181 &   0.317 &   0.308 &   0.179 &   0.076 &   0.158 &   0.256 &   0.443  \\
HiggsDiphotonDifferentialCrossSection2016N_j_30:0_obs &   0.253 &   0.346 &   0.193 &   0.317 &   0.294 &   0.243 &   0.221 &   0.195 &   0.139 &   0.096 &   0.073 &   0.067 &   0.075 &   0.075 &   0.070 &   0.071 &   0.067 &       1 &   0.037 &  -0.005 &  -0.109 &  -0.035 &  -0.013 &  -0.088 &  -0.030 &  -0.054 &  -0.057 &  -0.031 &  -0.066 &   0.036 &   0.048 &   0.059  \\
HiggsDiphotonDifferentialCrossSection2016N_j_30:1_obs &   0.016 &   0.045 &   0.053 &   0.107 &   0.147 &   0.163 &   0.224 &   0.325 &   0.412 &   0.462 &   0.320 &   0.248 &   0.204 &   0.186 &   0.132 &   0.129 &   0.109 &   0.037 &       1 &   0.170 &   0.155 &   0.151 &   0.130 &   0.152 &   0.123 &   0.146 &   0.148 &   0.126 &   0.725 &   0.470 &   0.381 &   0.258  \\
HiggsDiphotonDifferentialCrossSection2016N_j_30:2_obs &   0.049 &   0.070 &   0.056 &   0.098 &   0.117 &   0.108 &   0.122 &   0.150 &   0.182 &   0.251 &   0.265 &   0.299 &   0.309 &   0.340 &   0.293 &   0.333 &   0.320 &  -0.005 &   0.170 &       1 &   0.435 &   0.809 &   0.658 &   0.391 &   0.638 &   0.653 &   0.651 &   0.636 &   0.412 &   0.431 &   0.484 &   0.482  \\
HiggsDiphotonDifferentialCrossSection2016N_j_30:3_obs &   0.015 &   0.035 &   0.023 &   0.039 &   0.063 &   0.049 &   0.058 &   0.074 &   0.097 &   0.145 &   0.176 &   0.201 &   0.214 &   0.241 &   0.226 &   0.245 &   0.234 &  -0.109 &   0.155 &   0.435 &       1 &   0.553 &   0.568 &   0.450 &   0.513 &   0.508 &   0.514 &   0.503 &   0.348 &   0.303 &   0.376 &   0.438  \\
HiggsDiphotonDifferentialCrossSection2016m_jj_30:0_obs &   0.041 &   0.061 &   0.045 &   0.077 &   0.097 &   0.094 &   0.100 &   0.126 &   0.155 &   0.215 &   0.237 &   0.269 &   0.269 &   0.303 &   0.261 &   0.308 &   0.289 &  -0.035 &   0.151 &   0.809 &   0.553 &       1 &   0.419 &   0.263 &   0.560 &   0.644 &   0.642 &   0.550 &   0.401 &   0.411 &   0.426 &   0.379  \\
HiggsDiphotonDifferentialCrossSection2016m_jj_30:1_obs &   0.023 &   0.052 &   0.040 &   0.070 &   0.082 &   0.076 &   0.086 &   0.108 &   0.135 &   0.198 &   0.217 &   0.242 &   0.272 &   0.289 &   0.261 &   0.273 &   0.272 &  -0.013 &   0.130 &   0.658 &   0.568 &   0.419 &       1 &   0.233 &   0.563 &   0.468 &   0.475 &   0.564 &   0.287 &   0.304 &   0.430 &   0.521  \\
HiggsDiphotonDifferentialCrossSection2016m_jj_30:2_obs &   0.024 &   0.013 &   0.015 &   0.028 &   0.060 &   0.023 &   0.046 &   0.052 &   0.067 &   0.093 &   0.100 &   0.111 &   0.114 &   0.135 &   0.131 &   0.140 &   0.132 &  -0.088 &   0.152 &   0.391 &   0.450 &   0.263 &   0.233 &       1 &   0.363 &   0.332 &   0.326 &   0.361 &   0.289 &   0.205 &   0.235 &   0.326  \\
HiggsDiphotonDifferentialCrossSection2016Dphi_j_j_30_signed:0_obs &   0.038 &   0.041 &   0.032 &   0.071 &   0.098 &   0.084 &   0.090 &   0.123 &   0.141 &   0.186 &   0.179 &   0.184 &   0.188 &   0.185 &   0.168 &   0.188 &   0.181 &  -0.030 &   0.123 &   0.638 &   0.513 &   0.560 &   0.563 &   0.363 &       1 &   0.336 &   0.335 &   0.260 &   0.309 &   0.314 &   0.371 &   0.383  \\
HiggsDiphotonDifferentialCrossSection2016Dphi_j_j_30_signed:1_obs &   0.034 &   0.046 &   0.034 &   0.054 &   0.057 &   0.053 &   0.059 &   0.079 &   0.097 &   0.171 &   0.213 &   0.250 &   0.279 &   0.333 &   0.296 &   0.334 &   0.317 &  -0.054 &   0.146 &   0.653 &   0.508 &   0.644 &   0.468 &   0.332 &   0.336 &       1 &   0.472 &   0.337 &   0.342 &   0.321 &   0.367 &   0.395  \\
HiggsDiphotonDifferentialCrossSection2016Dphi_j_j_30_signed:2_obs &   0.029 &   0.033 &   0.034 &   0.057 &   0.065 &   0.052 &   0.061 &   0.077 &   0.106 &   0.167 &   0.210 &   0.270 &   0.273 &   0.323 &   0.285 &   0.325 &   0.308 &  -0.057 &   0.148 &   0.651 &   0.514 &   0.642 &   0.475 &   0.326 &   0.335 &   0.472 &       1 &   0.336 &   0.338 &   0.331 &   0.377 &   0.394  \\
HiggsDiphotonDifferentialCrossSection2016Dphi_j_j_30_signed:3_obs &   0.017 &   0.063 &   0.041 &   0.063 &   0.090 &   0.087 &   0.102 &   0.112 &   0.142 &   0.173 &   0.174 &   0.182 &   0.187 &   0.196 &   0.168 &   0.181 &   0.179 &  -0.031 &   0.126 &   0.636 &   0.503 &   0.550 &   0.564 &   0.361 &   0.260 &   0.337 &   0.336 &       1 &   0.313 &   0.309 &   0.361 &   0.383  \\
HiggsDiphotonDifferentialCrossSection2016pT_j1_30:0_obs &   0.028 &   0.057 &   0.055 &   0.114 &   0.141 &   0.167 &   0.215 &   0.292 &   0.342 &   0.334 &   0.206 &   0.160 &   0.130 &   0.113 &   0.080 &   0.082 &   0.076 &  -0.066 &   0.725 &   0.412 &   0.348 &   0.401 &   0.287 &   0.289 &   0.309 &   0.342 &   0.338 &   0.313 &       1 &   0.317 &   0.272 &   0.207  \\
HiggsDiphotonDifferentialCrossSection2016pT_j1_30:1_obs &   0.015 &   0.051 &   0.037 &   0.077 &   0.107 &   0.098 &   0.137 &   0.202 &   0.290 &   0.381 &   0.292 &   0.243 &   0.201 &   0.197 &   0.154 &   0.166 &   0.158 &   0.036 &   0.470 &   0.431 &   0.303 &   0.411 &   0.304 &   0.205 &   0.314 &   0.321 &   0.331 &   0.309 &   0.317 &       1 &   0.266 &   0.242  \\
HiggsDiphotonDifferentialCrossSection2016pT_j1_30:2_obs &   0.018 &   0.042 &   0.039 &   0.065 &   0.092 &   0.078 &   0.097 &   0.143 &   0.203 &   0.332 &   0.378 &   0.362 &   0.324 &   0.327 &   0.258 &   0.285 &   0.256 &   0.048 &   0.381 &   0.484 &   0.376 &   0.426 &   0.430 &   0.235 &   0.371 &   0.367 &   0.377 &   0.361 &   0.272 &   0.266 &       1 &   0.325  \\
HiggsDiphotonDifferentialCrossSection2016pT_j1_30:3_obs &   0.029 &   0.023 &   0.033 &   0.044 &   0.075 &   0.054 &   0.066 &   0.090 &   0.122 &   0.217 &   0.258 &   0.339 &   0.426 &   0.508 &   0.470 &   0.496 &   0.443 &   0.059 &   0.258 &   0.482 &   0.438 &   0.379 &   0.521 &   0.326 &   0.383 &   0.395 &   0.394 &   0.383 &   0.207 &   0.242 &   0.325 &       1  \\
\hline
\hline
\end{tabular}
